1 0.0 0.9 0.0
37 -0.0780421837759 0.889743061235 -0.0776457135308
38 -0.153117632695 0.859257898375 -0.15
39 -0.222354286469 0.809392990157 -0.212132034356
40 -0.283066522814 0.741534452107 -0.259807621135
41 -0.332841187349 0.657564901923 -0.289777747887
42 -0.369615242271 0.559807621135 -0.3
43 -0.391742641566 0.450957699282 -0.289777747887
44 -0.398048368901 0.334002239536 -0.259807621135
45 -0.387867965644 0.212132034356 -0.212132034356
46 -0.361071318872 0.0886473763058 -0.15
47 -0.318069959185 -0.0331391550901 -0.0776457135308
48 -0.259807621135 -0.15 7.16604071692e-16
49 -0.18773432976 -0.25888708729 0.0776457135308
50 -0.103764779576 -0.357020622874 0.15
51 -0.0102222521133 -0.44196952874 0.212132034356
52 0.0902302399083 -0.511721119171 0.259807621135
53 0.194669502827 -0.564737928983 0.289777747887
54 0.3 -0.6 0.3
55 0.403047316028 -0.617031374632 0.289777747887
56 0.500654411899 -0.615910025772 0.259807621135
57 0.589777747887 -0.597260955801 0.212132034356
58 0.667580352048 -0.562232708869 0.15
59 0.731519001982 -0.512458044334 0.0776457135308
60 0.779422863406 -0.45 -1.46957615898e-16
61 0.809561185758 -0.377285016901 -0.0776457135308
62 0.820697984743 -0.297025189506 -0.15
63 0.812132034356 -0.212132034356 -0.212132034356
64 0.783720934713 -0.125624426336 -0.259807621135
65 0.735888503377 -0.0405335272913 -0.289777747887
66 0.669615242271 0.0401923788647 -0.3
67 0.586412144394 0.113780229701 -0.289777747887
68 0.48827860881 0.177718879636 -0.259807621135
69 0.377645713531 0.229837494384 -0.212132034356
70 0.257306539295 0.268373246568 -0.15
71 0.130335629424 0.29202624238 -0.0776457135308
72 -1.83697019872e-16 0.3 1.10218211923e-16
36 -0.130335629424 0.29202624238 0.0776457135308
